32353
28396
31079
62214
24817
30735
43400
15323
1150
24872
40832
25861
25000
64563
65211
56931
28141
33147
49565
19033
7712
57077
24883
33907
38774
21261
25261
4089
8688
56608
56037
40625
37045
55972
64059
42830
6419
28561
63326
45742
33854
48822
9551
64750
27564
9203
52091
50664
47610
33474
36104
39473
722
49014
6707
33854
51629
54636
19084
25431
29183
59417
3255
11689
6366
42247
14089
6720
55803
20817
53052
12650
11433
45698
58846
35847
56150
28968
26412
16137
11553
42727
65058
5613
55257
37659
17047
32709
13648
17376
18480
31850
37757
46676
21527
40285
45050
9212
2788
58706
65219
1291
2457
13646
3767
41870
17321
9317
38287
56097
3996
23019
40447
63353
56214
28602
18131
16973
40430
52464
5696
11073
15148
65492
19123
33375
65020
45431
53027
48154
34161
5465
42480
58494
5670
36196
10113
51953
21131
23732
23221
4193
2243
38078
51657
27542
63752
44579
28718
31461
24762
25471
61887
27507
21618
46827
2923
13697
55519
31955
48615
1692
32497
11975
52609
3708
34431
8412
58365
26125
8962
55991
35827
23014
4791
19546
54597
28243
57752
50385
16836
60340
47512
65516
31909
23069
51233
48830
51399
50056
63786
16045
17862
55380
63819
31470
33809
43774
13774
36464
2487
59834
31360
18121
42396
36738
7312
9700
53962
34359
36726
46675
8821
45340
14187
24397
9887
9817
11343
24599
47648
55199
64159
30908
43687
43417
52759
7751
44782
41010
36219
9420
33931
46717
30894
10337
61059
40237
46164
61804
52530
40361
45156
48856
29379
29343
35977
5175
51815
64868
1229
4218
38108
21019
16066
48723
26713
57148
10661
30635
58674
14483
26320
46054
39264
52667
43453
11157
56409
6481
46048
34196
55257
27744
63300
2038
25193
45425
11998
29854
768
28756
64506
7213
47947
5971
43076
48266
13572
29817
21260
18588
57310
14835
2474
46952
64992
2021
1449
20376
44291
27684
43732
5166
41880
33242
64161
25964
39668
51212
21790
8377
42475
39621
18566
31028
57471
44910
21357
64344
51373
34282
16684
9862
65269
60822
51227
23054
21814
19377
23689
32320
46325
2035
34171
30690
6329
28873
8248
39651
16226
6847
53480
41698
57960
35473
49215
17237
41255
14134
52102
55226
59814
15736
31939
46335
25493
39228
46876
53771
37314
17990
45013
3206
57999
12920
61622
64204
30200
39816
5509
43693
49337
63809
17910
43130
34218
26747
6106
24861
37222
8682
15683
14038
15888
40780
53100
10505
7953
59705
1073
38502
48089
9332
63666
41991
63090
57132
64229
5663
29816
8589
21832
44430
1950
45382
15939
21451
58387
57833
53182
53724
16308
19471
9771
29205
25168
47044
16304
38229
63242
52100
26646
60769
40315
52448
56123
5515
61663
6807
29138
43721
61632
28121
14869
45942
29429
21005
39733
9959
59249
21390
19919
9389
44207
57157
261
64593
50316
43619
55823
32647
16011
15303
13928
21467
54030
6970
50893
38014
13323
34467
32155
13075
39091
58989
7641
11594
11127
41202
58314
1935
49713
13603
42034
39028
47102
34581
28481
16364
50468
8642
50950
15988
17442
32887
35407
15788
49434
40045
845
56189
56193
26606
63644
27971
7819
15545
1638
24480
19534
48900
61376
56334
51106
17938
34081
25827
547
30407
24416
13817
39978
41093
11807
41317
54523
22753
4137
44814
61184
19411
11127
47567
51317
50205
1112
65345
28882
57103
24318
24200
24749
65428
28606
16676
59687
64304
58283
44152
50010
49200
45154
13915
33761
13130
26102
24669
21751
39998
60466
12027
18102
53604
37924
35307
58144
4395
23396
37683
30560
2838
16091
4677
46699
28614
53888
55519
22647
44391
49541
38787
6001
31624
53804
32999
43056
925
61766
54612
60362
51651
15919
37522
47486
49388
8340
4346
4380
62912
57424
60711
54605
315
48314
50456
1437
36647
1793
45700
52945
2414
43472
6182
16037
16441
58101
65415
23331
19432
51442
32385
18194
2486
49691
8564
51623
23097
957
18263
24764
39549
59796
31148
12277
55588
53095
47610
60723
47418
39842
19308
63804
16505
22758
55128
21366
28337
51629
49501
3679
11368
29453
51605
29042
8062
3531
37675
31037
19023
61072
35349
59751
3155
51828
54653
31464
30496
15170
19558
50314
49166
47705
43243
35262
31209
4385
51941
62855
52023
52587
44770
37283
57629
26346
43009
16045
52406
60316
25996
7629
60826
11074
46459
57585
12242
6386
52763
51436
8858
3276
6421
16911
14286
33238
2859
28053
1536
7335
62579
26996
59834
10706
63242
5689
55482
15900
27702
52415
9534
21022
3091
39191
37665
9627
43148
26103
50556
12464
23412
8692
15758
8245
44992
30420
62292
15280
47382
43124
53654
64564
51585
44464
60068
8319
46438
30583
11421
12941
28648
39413
21582
30905
30796
30414
16565
57406
45446
32565
65304
29407
4742
56855
40181
13789
19944
40747
12730
61326
25906
21690
39619
49889
50283
1113
2220
1907
20806
18489
63930
27003
851
45068
21127
35166
31537
28492
30757
55025
25443
53220
9730
49961
37115
1423
572
5093
8848
18495
64748
54099
43910
18606
26265
7925
40556
29209
30632
54394
5592
9557
6802
35722
9588
25671
3333
28458
32654
53074
32113
52712
21598
33044
53887
49560
25040
13744
13748
13497
39684
19121
14653
6210
10362
57528
47057
36774
45727
45563
5216
42391
33617
52507
49698
10702
34135
11401
32115
16917
7522
17599
40440
3601
17779
57346
13324
16770
56054
35557
16900
33428
14493
6702
58866
38192
43197
28315
1665
18410
2559
7750
25949
50798
55560
31692
30680
28624
19534
2417
13083
53145
1600
36938
63665
36444
13025
12663
60086
32116
29683
4004
20636
40976
28538
59917
3806
52650
61984
52656
63689
15934
36976
3673
27839
45741
22682
3349
62594
41629
12603
1395
52471
49247
51892
39996
18262
35333
52651
14876
61794
34841
5511
12399
42789
15791
3662
9959
61163
54812
42367
39968
56458
59760
62138
10627
51979
38265
49678
25226
24642
60620
21710
18675
58567
56036
63649
30761
10392
991
56863
64477
6443
31270
57927
46281
17909
64610
44823
50480
50095
38147
47520
39196
57876
10856
42379
11996
45826
50642
35061
36638
29054
63372
26311
17244
60191
58155
4775
47536
27476
46748
3921
10296
38315
56645
63561
48435
42881
23830
45288
58577
53761
57613
3861
43033
38875
58104
38272
45604
11886
49157
17038
18333
60629
53418
37946
26942
29819
38749
57474
